
Measuring costs for CostType::Contract(VerifyMlDsa44Sig)


Measuring costs for CostType::Contract(VerifyMlDsa44Sig)

iterations        inputs     cpu_insns_total     cpu_insns_base     mem_bytes_total     mem_bytes_base     time_ns_total     time_ns_base     ave_net_input     ave_net_insns     ave_net_bytes     ave_net_ns     ave_net_insn_per_input     ave_net_bytes_per_input
       100             0          68,573,474             56,916                   0                  0         5,025,587           60,726                 0           685,165                 0         49,648                    685,165     0
       100       102,400          73,767,363             56,916                   0                  0         5,273,444           60,726             1,024           737,104                 0         52,127                        719     0
       100       204,800          78,310,463             56,916                   0                  0         5,767,988           60,726             2,048           782,535                 0         57,072                        382     0
       100       307,200          83,492,033             56,916                   0                  0         6,364,015           60,726             3,072           834,351                 0         63,032                        271     0
       100       409,600          88,035,962             56,916                   0                  0         6,533,442           60,726             4,096           879,790                 0         64,727                        214     0
       100       512,000          93,222,664             56,916                   0                  0         6,756,324           60,726             5,120           931,657                 0         66,955                        181     0
       100       614,400          97,759,768             56,916                   0                  0         7,348,537           60,726             6,144           977,028                 0         72,878                        159     0
       100       716,800         102,939,667             56,916                   0                  0         7,031,226           60,726             7,168         1,028,827                 0         69,705                        143     0
       100       819,200         107,481,672             56,916                   0                  0         7,553,259           60,726             8,192         1,074,247                 0         74,925                        131     0
       100       921,600         112,669,239             56,916                   0                  0         7,495,721           60,726             9,216         1,126,123                 0         74,349                        122     0
       100     1,024,000         117,206,167             56,916                   0                  0         7,720,470           60,726            10,240         1,171,492                 0         76,597                        114     0
       100     1,126,400         122,395,463             56,916                   0                  0         7,980,354           60,726            11,264         1,223,385                 0         79,196                        108     0
       100     1,228,800         126,933,365             56,916                   0                  0         8,473,055           60,726            12,288         1,268,764                 0         84,123                        103     0
       100     1,331,200         132,117,569             56,916                   0                  0         8,774,899           60,726            13,312         1,320,606                 0         87,141                         99     0
       100     1,433,600         136,660,567             56,916                   0                  0         9,012,377           60,726            14,336         1,366,036                 0         89,516                         95     0
       100     1,536,000         141,843,067             56,916                   0                  0        10,035,144           60,726            15,360         1,417,861                 0         99,744                         92     0
       100     1,638,400         146,385,839             56,916                   0                  0         9,831,637           60,726            16,384         1,463,289                 0         97,709                         89     0
       100     1,740,800         151,570,039             56,916                   0                  0        10,240,384           60,726            17,408         1,515,131                 0        101,796                         87     0
       100     1,843,200         156,753,164             56,916                   0                  0        10,234,496           60,726            18,432         1,566,962                 0        101,737                         85     0
       100     1,945,600         161,292,874             56,916                   0                  0        12,859,773           60,726            19,456         1,612,359                 0        127,990                         82     0
       100     2,048,000         166,472,768             56,916                   0                  0        12,267,690           60,726            20,480         1,664,158                 0        122,069                         81     0
       100     2,150,400         171,020,063             56,916                   0                  0        11,375,330           60,726            21,504         1,709,631                 0        113,146                         79     0
       100     2,252,800         176,205,065             56,916                   0                  0        11,546,884           60,726            22,528         1,761,481                 0        114,861                         78     0
       100     2,355,200         180,748,962             56,916                   0                  0        11,653,826           60,726            23,552         1,806,920                 0        115,931                         76     0
       100     2,457,600         185,935,666             56,916                   0                  0        12,590,888           60,726            24,576         1,858,787                 0        125,301                         75     0
       100     2,560,000         190,462,369             56,916                   0                  0        12,756,949           60,726            25,600         1,904,054                 0        126,962                         74     0
       100     2,662,400         195,648,268             56,916                   0                  0        12,687,476           60,726            26,624         1,955,913                 0        126,267                         73     0
       100     2,764,800         200,191,971             56,916                   0                  0        15,190,140           60,726            27,648         2,001,350                 0        151,294                         72     0
       100     2,867,200         205,376,169             56,916                   0                  0        14,569,672           60,726            28,672         2,053,192                 0        145,089                         71     0
       100     2,969,600         209,922,542             56,916                   0                  0        13,930,366           60,726            29,696         2,098,656                 0        138,696                         70     0
       100     3,072,000         215,103,344             56,916                   0                  0        13,643,552           60,726            30,720         2,150,464                 0        135,828                         70     0
       100     3,174,400         219,641,272             56,916                   0                  0        14,958,593           60,726            31,744         2,195,843                 0        148,978                         69     0
       100     3,276,800         224,827,167             56,916                   0                  0        14,714,570           60,726            32,768         2,247,702                 0        146,538                         68     0
       100     3,379,200         229,364,876             56,916                   0                  0        14,671,582           60,726            33,792         2,293,079                 0        146,108                         67     0
       100     3,481,600         234,550,773             56,916                   0                  0        14,963,443           60,726            34,816         2,344,938                 0        149,027                         67     0
       100     3,584,000         239,735,575             56,916                   0                  0        15,216,388           60,726            35,840         2,396,786                 0        151,556                         66     0
       100     3,686,400         244,273,567             56,916                   0                  0        15,512,139           60,726            36,864         2,442,166                 0        154,514                         66     0
       100     3,788,800         249,463,648             56,916                   0                  0        15,718,776           60,726            37,888         2,494,067                 0        156,580                         65     0
       100     3,891,200         253,999,073             56,916                   0                  0        17,206,177           60,726            38,912         2,539,421                 0        171,454                         65     0
       100     3,993,600         259,185,771             56,916                   0                  0        16,788,839           60,726            39,936         2,591,288                 0        167,281                         64     0

Contract(VerifyMlDsa44Sig) cpu: MeteredCostComponent { const_term: 685165, lin_term: ScaledU64(6103) }, R2 score: 0.9999889988114745
Contract(VerifyMlDsa44Sig) mem: MeteredCostComponent { const_term: 0, lin_term: ScaledU64(0) }, R2 score: NaN

Measuring costs for CostType::Contract(VerifyMlDsa65Sig)


Measuring costs for CostType::Contract(VerifyMlDsa65Sig)

iterations        inputs     cpu_insns_total     cpu_insns_base     mem_bytes_total     mem_bytes_base     time_ns_total     time_ns_base     ave_net_input     ave_net_insns     ave_net_bytes     ave_net_ns     ave_net_insn_per_input     ave_net_bytes_per_input
       100             0          98,433,730             71,827                   0                  0         7,036,621           61,517                 0           983,619                 0         69,751                    983,619     0
       100       102,400         103,624,237             71,827                   0                  0         7,397,836           61,517             1,024         1,035,524                 0         73,363                      1,011     0
       100       204,800         108,167,340             71,827                   0                  0         7,996,105           61,517             2,048         1,080,955                 0         79,345                        527     0
       100       307,200         113,354,040             71,827                   0                  0         8,001,669           61,517             3,072         1,132,822                 0         79,401                        368     0
       100       409,600         117,889,442             71,827                   0                  0         8,426,947           61,517             4,096         1,178,176                 0         83,654                        287     0
       100       512,000         123,086,341             71,827                   0                  0         9,399,751           61,517             5,120         1,230,145                 0         93,382                        240     0
       100       614,400         127,626,842             71,827                   0                  0         9,389,571           61,517             6,144         1,275,550                 0         93,280                        207     0
       100       716,800         132,806,743             71,827                   0                  0         9,495,910           61,517             7,168         1,327,349                 0         94,343                        185     0
       100       819,200         137,340,245             71,827                   0                  0         9,712,154           61,517             8,192         1,372,684                 0         96,506                        167     0
       100       921,600         142,526,146             71,827                   0                  0         9,697,783           61,517             9,216         1,424,543                 0         96,362                        154     0
       100     1,024,000         147,064,745             71,827                   0                  0        10,444,280           61,517            10,240         1,469,929                 0        103,827                        143     0
       100     1,126,400         152,250,648             71,827                   0                  0        10,832,451           61,517            11,264         1,521,788                 0        107,709                        135     0
       100     1,228,800         156,791,946             71,827                   0                  0        10,683,180           61,517            12,288         1,567,201                 0        106,216                        127     0
       100     1,331,200         161,976,141             71,827                   0                  0        12,752,490           61,517            13,312         1,619,043                 0        126,909                        121     0
       100     1,433,600         166,515,741             71,827                   0                  0        11,636,161           61,517            14,336         1,664,439                 0        115,746                        116     0
       100     1,536,000         171,713,544             71,827                   0                  0        12,285,442           61,517            15,360         1,716,417                 0        122,239                        111     0
       100     1,638,400         176,235,945             71,827                   0                  0        12,202,338           61,517            16,384         1,761,641                 0        121,408                        107     0
       100     1,740,800         181,426,945             71,827                   0                  0        12,541,424           61,517            17,408         1,813,551                 0        124,799                        104     0
       100     1,843,200         186,604,939             71,827                   0                  0        12,523,053           61,517            18,432         1,865,331                 0        124,615                        101     0
       100     1,945,600         191,154,843             71,827                   0                  0        13,107,748           61,517            19,456         1,910,830                 0        130,462                         98     0
       100     2,048,000         196,338,140             71,827                   0                  0        13,415,646           61,517            20,480         1,962,663                 0        133,541                         95     0
       100     2,150,400         200,876,942             71,827                   0                  0        14,188,556           61,517            21,504         2,008,051                 0        141,270                         93     0
       100     2,252,800         206,055,142             71,827                   0                  0        14,059,077           61,517            22,528         2,059,833                 0        139,975                         91     0
       100     2,355,200         210,602,441             71,827                   0                  0        13,983,925           61,517            23,552         2,105,306                 0        139,224                         89     0
       100     2,457,600         215,784,045             71,827                   0                  0        14,471,834           61,517            24,576         2,157,122                 0        144,103                         87     0
       100     2,560,000         220,320,946             71,827                   0                  0        15,238,231           61,517            25,600         2,202,491                 0        151,767                         86     0
       100     2,662,400         225,506,844             71,827                   0                  0        16,593,168           61,517            26,624         2,254,350                 0        165,316                         84     0
       100     2,764,800         230,050,543             71,827                   0                  0        15,664,467           61,517            27,648         2,299,787                 0        156,029                         83     0
       100     2,867,200         235,234,742             71,827                   0                  0        15,687,325           61,517            28,672         2,351,629                 0        156,258                         82     0
       100     2,969,600         239,776,041             71,827                   0                  0        15,795,604           61,517            29,696         2,397,042                 0        157,340                         80     0
       100     3,072,000         244,958,546             71,827                   0                  0        16,147,315           61,517            30,720         2,448,867                 0        160,857                         79     0
       100     3,174,400         249,501,547             71,827                   0                  0        16,464,121           61,517            31,744         2,494,297                 0        164,026                         78     0
       100     3,276,800         254,685,746             71,827                   0                  0        17,292,226           61,517            32,768         2,546,139                 0        172,307                         77     0
       100     3,379,200         259,218,348             71,827                   0                  0        17,495,751           61,517            33,792         2,591,465                 0        174,342                         76     0
       100     3,481,600         264,411,044             71,827                   0                  0        17,220,413           61,517            34,816         2,643,392                 0        171,588                         75     0
       100     3,584,000         269,587,347             71,827                   0                  0        18,009,786           61,517            35,840         2,695,155                 0        179,482                         75     0
       100     3,686,400         274,135,546             71,827                   0                  0        18,787,213           61,517            36,864         2,740,637                 0        187,256                         74     0
       100     3,788,800         279,312,046             71,827                   0                  0        18,747,027           61,517            37,888         2,792,402                 0        186,855                         73     0
       100     3,891,200         283,864,449             71,827                   0                  0        18,744,217           61,517            38,912         2,837,926                 0        186,827                         72     0
       100     3,993,600         289,049,448             71,827                   0                  0        20,954,322           61,517            39,936         2,889,776                 0        208,928                         72     0

Contract(VerifyMlDsa65Sig) cpu: MeteredCostComponent { const_term: 983619, lin_term: ScaledU64(6103) }, R2 score: 0.9999889972869523
Contract(VerifyMlDsa65Sig) mem: MeteredCostComponent { const_term: 0, lin_term: ScaledU64(0) }, R2 score: NaN

Measuring costs for CostType::Contract(VerifyMlDsa87Sig)


Measuring costs for CostType::Contract(VerifyMlDsa87Sig)

iterations        inputs     cpu_insns_total     cpu_insns_base     mem_bytes_total     mem_bytes_base     time_ns_total     time_ns_base     ave_net_input     ave_net_insns     ave_net_bytes     ave_net_ns     ave_net_insn_per_input     ave_net_bytes_per_input
       100             0         143,810,214             89,242                   0                  0        10,758,542           93,445                 0         1,437,209                 0        106,650                  1,437,209     0
       100       102,400         148,999,023             89,242                   0                  0        10,841,793           93,445             1,024         1,489,097                 0        107,483                      1,454     0
       100       204,800         153,543,824             89,242                   0                  0        11,369,499           93,445             2,048         1,534,545                 0        112,760                        749     0
       100       307,200         158,725,422             89,242                   0                  0        11,936,115           93,445             3,072         1,586,361                 0        118,426                        516     0
       100       409,600         163,271,028             89,242                   0                  0        12,198,257           93,445             4,096         1,631,817                 0        121,048                        398     0
       100       512,000         168,450,924             89,242                   0                  0        12,661,763           93,445             5,120         1,683,616                 0        125,683                        328     0
       100       614,400         172,999,928             89,242                   0                  0        12,531,798           93,445             6,144         1,729,106                 0        124,383                        281     0
       100       716,800         178,173,026             89,242                   0                  0        12,631,642           93,445             7,168         1,780,837                 0        125,381                        248     0
       100       819,200         182,718,428             89,242                   0                  0        13,810,970           93,445             8,192         1,826,291                 0        137,175                        222     0
       100       921,600         187,892,429             89,242                   0                  0        13,703,943           93,445             9,216         1,878,031                 0        136,104                        203     0
       100     1,024,000         192,439,522             89,242                   0                  0        13,759,741           93,445            10,240         1,923,502                 0        136,662                        187     0
       100     1,126,400         197,622,023             89,242                   0                  0        13,635,386           93,445            11,264         1,975,327                 0        135,419                        175     0
       100     1,228,800         202,156,530             89,242                   0                  0        13,832,306           93,445            12,288         2,020,672                 0        137,388                        164     0
       100     1,331,200         207,345,829             89,242                   0                  0        14,297,536           93,445            13,312         2,072,565                 0        142,040                        155     0
       100     1,433,600         211,895,635             89,242                   0                  0        14,600,525           93,445            14,336         2,118,063                 0        145,070                        147     0
       100     1,536,000         217,071,335             89,242                   0                  0        15,454,806           93,445            15,360         2,169,820                 0        153,613                        141     0
       100     1,638,400         221,609,033             89,242                   0                  0        16,343,324           93,445            16,384         2,215,197                 0        162,498                        135     0
       100     1,740,800         226,800,029             89,242                   0                  0        15,806,135           93,445            17,408         2,267,107                 0        157,126                        130     0
       100     1,843,200         231,974,633             89,242                   0                  0        16,313,092           93,445            18,432         2,318,853                 0        162,196                        125     0
       100     1,945,600         236,521,133             89,242                   0                  0        16,043,079           93,445            19,456         2,364,318                 0        159,496                        121     0
       100     2,048,000         241,706,136             89,242                   0                  0        17,028,709           93,445            20,480         2,416,168                 0        169,352                        117     0
       100     2,150,400         246,250,029             89,242                   0                  0        17,033,540           93,445            21,504         2,461,607                 0        169,400                        114     0
       100     2,252,800         251,424,832             89,242                   0                  0        16,857,663           93,445            22,528         2,513,355                 0        167,642                        111     0
       100     2,355,200         255,970,431             89,242                   0                  0        17,456,991           93,445            23,552         2,558,811                 0        173,635                        108     0
       100     2,457,600         261,162,236             89,242                   0                  0        19,600,152           93,445            24,576         2,610,729                 0        195,067                        106     0
       100     2,560,000         265,690,630             89,242                   0                  0        18,473,784           93,445            25,600         2,656,013                 0        183,803                        103     0
       100     2,662,400         270,876,533             89,242                   0                  0        19,232,210           93,445            26,624         2,707,872                 0        191,387                        101     0
       100     2,764,800         275,413,434             89,242                   0                  0        18,588,027           93,445            27,648         2,753,241                 0        184,945                         99     0
       100     2,867,200         280,609,540             89,242                   0                  0        19,150,583           93,445            28,672         2,805,202                 0        190,571                         97     0
       100     2,969,600         285,149,132             89,242                   0                  0        19,765,741           93,445            29,696         2,850,598                 0        196,722                         95     0
       100     3,072,000         290,338,430             89,242                   0                  0        19,719,303           93,445            30,720         2,902,491                 0        196,258                         94     0
       100     3,174,400         294,884,830             89,242                   0                  0        19,864,168           93,445            31,744         2,947,955                 0        197,707                         92     0
       100     3,276,800         300,052,032             89,242                   0                  0        19,922,843           93,445            32,768         2,999,627                 0        198,293                         91     0
       100     3,379,200         304,593,132             89,242                   0                  0        20,563,158           93,445            33,792         3,045,038                 0        204,697                         90     0
       100     3,481,600         309,779,030             89,242                   0                  0        21,041,613           93,445            34,816         3,096,897                 0        209,481                         88     0
       100     3,584,000         314,974,034             89,242                   0                  0        21,353,738           93,445            35,840         3,148,847                 0        212,602                         87     0
       100     3,686,400         319,501,833             89,242                   0                  0        21,265,431           93,445            36,864         3,194,125                 0        211,719                         86     0
       100     3,788,800         324,686,837             89,242                   0                  0        21,715,782           93,445            37,888         3,245,975                 0        216,223                         85     0
       100     3,891,200         329,242,635             89,242                   0                  0        22,747,084           93,445            38,912         3,291,533                 0        226,536                         84     0
       100     3,993,600         334,412,335             89,242                   0                  0        22,663,414           93,445            39,936         3,343,230                 0        225,699                         83     0

Contract(VerifyMlDsa87Sig) cpu: MeteredCostComponent { const_term: 1437209, lin_term: ScaledU64(6103) }, R2 score: 0.9999891210910969
Contract(VerifyMlDsa87Sig) mem: MeteredCostComponent { const_term: 0, lin_term: ScaledU64(0) }, R2 score: NaN


       cost_type     cpu_model_const_param     cpu_model_lin_param     mem_model_const_param     mem_model_lin_param
VerifyMlDsa44Sig                    685165                    6103                         0     0
VerifyMlDsa65Sig                    983619                    6103                         0     0
VerifyMlDsa87Sig                   1437209                    6103                         0     0

